1001 9.98336538200435
1002 9.47308440433619
1003 8.85534184356889
1004 8.51742597616249
1005 9.00794776277648
1006 10.19212068798081
1007 11.74639011657988
1008 12.95637050922783
1009 13.87906783649907
1010 13.98628432439616
1011 13.26346201864726
1012 11.84874258289909
1013 10.40345427493277
1014 9.22130922063772
1015 8.67139984328186
1016 8.66284361916103
1017 9.27715838310500
1018 10.37323103764769
1019 11.83150065680594
1020 13.03567209489780
1021 13.99818940037755
1022 14.12657986845278
1023 13.39600560245326
1024 11.96828387231352
1025 10.52035663268261
1026 9.34273966742250
1027 8.79611459986854
1028 8.78708630548146
1029 9.39972542432157
1030 10.49522452354080
1031 11.95396863609879
1032 13.15861583221025
1033 14.12114514102270
1034 14.24933042800918
1035 13.51865500185545
1036 12.09097692580106
1037 10.64311489712108
1038 9.46550905125059
1039 8.91886028549358
1040 8.90981599493145
1041 9.52245814146613
1042 10.61796574216816
1043 12.07671248440624
1044 13.28135714222361
1045 14.24388410027692
1046 14.37206941381114
1047 13.64139504157856
1048 12.21371744605838
1049 10.76585517489316
1050 9.58824900285148
1051 9.04160019217169
1052 9.03255602513816
1053 9.64519824927754
1054 10.74070583149924
1055 12.19945253072167
1056 13.40409717663386
1057 14.36662414818455
1058 14.49480947329819
1059 13.76413510049436
1060 12.33645749957699
1061 10.88859522614380
1062 9.71098905543399
1063 9.16434024638117
1064 9.15529607951751
1065 9.76793830301541
1066 10.86344588486220
1067 12.32219258419372
1068 13.52683723032298
1069 14.48936420192672
1070 14.61754952696898
1071 13.88687515410829
1072 12.45919755319600
1073 11.01133527979037
1074 9.83372910909118
1075 9.28708030003111
1076 9.27803613315936
1077 9.89067835665669
1078 10.98618593850680
1079 12.44493263784012
1080 13.64957728396875
1081 14.61210425557141
1082 14.74028958061343
1083 14.00961520775312
1084 12.58193760684110
1085 11.13407533343543
1086 9.95646916273611
1087 9.40982035367598
1088 9.40077618680428
1089 10.01341841030165
1090 11.10892599215176
1091 12.56767269148506
1092 13.77231733761368
1093 14.73484430921634
1094 14.86302963425837
1095 14.13235526139806
1096 12.70467766048604
1097 11.25681538708037
1098 10.07920921638104
1099 9.53256040732092
1100 9.52351624044922
