1001 10.267779432307146
1002 9.078820305069657
1003 8.56812675591447
1004 8.558662164854292
1005 9.17124155602404
1006 10.268114116952594
1007 11.721631873127416
1008 12.941883563359305
1009 13.883094599357547
1010 14.023964096605775
1011 13.304614536954967
1012 11.8379494905843
1013 10.390969402589471
1014 9.202010275351984
1015 8.691316726196797
1016 8.681852135136618
1017 9.294431526306367
1018 10.391304087234921
1019 11.844821843409745
1020 13.06507353364163
1021 14.006284569639874
1022 14.147154066888103
1023 13.427804507237296
1024 11.961139460866626
1025 10.5141593728718
1026 9.325200245634312
1027 8.814506696479123
1028 8.805042105418943
1029 9.417621496588694
1030 10.514494057517249
1031 11.96801181369207
1032 13.188263503923958
1033 14.129474539922201
1034 14.27034403717043
1035 13.550994477519621
1036 12.084329431148953
1037 10.637349343154126
1038 9.448390215916637
1039 8.93769666676145
1040 8.928232075701272
1041 9.540811466871022
1042 10.637684027799574
1043 12.091201783974396
1044 13.311453474206285
1045 14.252664510204529
1046 14.393534007452756
1047 13.674184447801947
1048 12.20751940143128
1049 10.760539313436452
1050 9.571580186198965
1051 9.060886637043778
1052 9.051422045983598
1053 9.664001437153347
1054 10.760873998081902
1055 12.214391754256726
1056 13.434643444488612
1057 14.375854480486854
1058 14.516723977735083
1059 13.797374418084276
1060 12.330709371713606
1061 10.88372928371878
1062 9.694770156481292
1063 9.184076607326105
1064 9.174612016265923
1065 9.787191407435675
1066 10.884063968364229
1067 12.337581724539051
1068 13.557833414770938
1069 14.499044450769182
1070 14.63991394801741
1071 13.920564388366602
1072 12.453899341995934
1073 11.006919254001106
1074 9.81796012676362
1075 9.30726657760843
1076 9.297801986548253
1077 9.910381377718002
1078 11.007253938646556
1079 12.460771694821377
1080 13.681023385053265
1081 14.622234421051509
1082 14.763103918299736
1083 14.043754358648927
1084 12.577089312278261
1085 11.130109224283435
1086 9.941150097045945
1087 9.430456547890758
1088 9.420991956830578
1089 10.033571348000327
1090 11.130443908928882
1091 12.583961665103706
1092 13.804213355335593
1093 14.745424391333835
1094 14.886293888582063
1095 14.166944328931256
1096 12.700279282560588
1097 11.253299194565761
1098 10.064340067328272
1099 9.553646518173085
1100 9.544181927112904
