1 4.26066519376672
2 3.51995202082366
3 3.11686737656048
4 3.89322145106253
5 2.66968938000672
6 2.47965600327938
7 -0.435299424117551
8 -0.554291250729968
9 -3.15291334966413
10 -1.99897610873253
11 1.30300024698962
12 4.04737584673153
13 4.8406909120994
14 3.2793330948491
15 2.50969321586384
16 1.89056567417851
17 0.0276885740279675
18 -2.11411043278575
19 -3.00177500638555
20 -3.46125125041704
21 -2.76718129328789
22 -0.406509213908701
23 0.859187564395965
24 2.53201692329105
25 4.44516433502477
26 4.74576117305692
27 3.51432416487063
28 1.54481138499038
29 -0.905925054424613
30 -1.15375985736728
31 0.237842898692641
32 1.17687109650705
33 1.28779629481773
34 1.42415275939823
35 2.80497253561361
36 3.38127537666014
37 4.27636891695099
38 3.53264310672585
39 4.82190072423381
40 3.40509420768876
41 2.06097203974224
42 -0.821445316208619
43 -2.86924781138702
44 -4.09105911726207
45 -0.12125605910688
46 1.92460880746146
47 4.08339429183534
48 5.14909963453428
49 5.99508444206717
50 5.97256294344381
51 5.93310838460165
52 4.25909978808853
53 1.88120297536209
54 -0.974707104422832
55 -3.22255340634486
56 -4.56392545243109
57 -3.17069845749628
58 -0.417845612549623
59 2.44590249731228
60 4.09153620776578
61 5.23047610781219
62 4.60074502548421
63 4.32047080537773
64 2.90226127918293
65 1.02699317678776
66 -0.403359538790192
67 -1.2172255754956
68 -1.76088406851749
69 -0.359145747202457
70 -0.344023774661605
71 0.172676304583706
72 1.51703803760459
73 3.80896240193461
74 4.50001355983625
75 4.80623416021348
76 2.82191704045055
77 1.1320427363587
78 -1.01223511814982
79 -1.58686207355536
80 -1.48275634331303
81 0.250192465735625
82 -0.147188963562259
83 1.47558046527981
84 3.79331367527286
85 4.53557729149945
86 5.34091252398174
87 3.32758288756898
88 1.27946568096224
89 0.0974786588216785
90 0.224651158725691
91 -1.74907736157916
92 -2.85556805651616
93 -3.0856289728725
94 -1.44730821024093
95 2.9645366871785
96 3.57957862133646
97 3.17423945357325
98 1.40001039627255
99 1.28091296621485
100 2.13398055479354
101 2.98151791843977
102 3.35798115003589
103 1.62286501617081
104 0.764629128993691
105 0.94443441496244
106 1.63080979519896
107 2.86707049244531
108 3.5063812312795
109 2.82574153678299
110 3.08603048815706
111 3.71219084922362
112 2.54763817703324
113 3.43600657280154
114 1.50267161641456
115 -0.808876079357541
116 -0.744986809651008
117 -0.54490101200523
118 1.17390003011564
119 2.84470221417927
120 5.14609531329521
121 4.54364550400649
122 5.3121269011414
123 4.67816373877511
124 3.15872736542362
125 1.49785525387552
126 -0.795632200157432
127 -2.30966638574738
128 -0.621446394490218
129 -0.187800460865718
130 1.10874397729761
131 2.81638089731781
132 5.19829865873391
133 6.05422908241172
134 5.32748227492073
135 4.8252713111556
136 2.60645791760931
137 0.554034445549331
138 -2.48601984043547
139 -1.75501290444345
140 0.514635681509032
141 4.77122806268994
142 5.13585442689678
143 4.42035241923193
144 2.25803017976524
145 1.89458993513374
146 2.5796664676641
147 3.26765239904235
148 1.16206918824408
149 -1.37645395600571
150 -2.37427160120664
151 -1.86750057197047
152 1.36808107606607
153 1.45437620131215
154 3.09963541879666
155 2.42845049403488
156 3.50956734320648
157 4.44500995035707
158 5.25392544337915
159 4.63611925248989
160 3.88582875104888
161 1.45032864834083
162 1.48555608613608
163 -0.568917412361365
164 -0.159568228364963
165 -0.095397253485769
166 2.87757365826712
167 4.14285007046399
168 5.67791724360607
169 3.35393102652868
170 3.05894564414396
171 3.58750324453836
172 2.85311022821231
173 2.36499659408409
174 0.548713052103361
175 -0.513693267281412
176 0.00802470526736693
177 0.777787009853421
178 2.80323069780595
179 3.51141468931918
180 3.63965224233115
181 3.93083260053529
182 3.84531457520942
183 3.76352398386328
184 3.73964915551354
185 1.16532365524387
186 0.31289695860762
187 -0.629424721195161
188 0.670797970930599
189 1.90859788783241
190 2.83688808995227
191 3.56782941500081
192 4.62512312157459
193 5.65138336602008
194 6.9471258133588
195 6.37155955036765
196 4.56146378682849
197 2.33354837056907
198 1.16008838519205
199 0.735051573115147
200 1.15867459780332
201 1.19766920853619
202 1.5977975424275
203 2.75455965383429
204 5.8461854957836
205 6.30577290228404
206 6.63356114909226
207 5.47525486109929
208 2.55000168317046
209 1.33373913395876
210 -0.102591202127067
211 -0.155461507457477
212 -0.145777069718254
213 0.500710112856631
214 1.499109346081
215 2.55325465064671
216 4.97619011988697
217 6.20965073118345
218 6.84435019397208
219 7.11914294235608
220 3.43622999759545
221 3.27891498586065
222 3.05526597979296
223 4.65798516992544
224 4.2374962259548
225 2.08923770285994
226 0.384050946104431
227 1.6967797932442
228 4.04430140258335
229 8.95874610030028
230 8.83648281675749
231 5.94036345062428
232 0.735354696406943
233 -0.882406929856884
234 1.0332678774087
235 1.30223388931095
236 2.103420863492
237 2.08894764390223
238 2.17669389980157
239 4.40295112558515
240 6.16443608671778
241 6.0816538830557
242 6.39938349486088
243 4.73547332400364
244 3.90187377556272
245 3.04403725666891
246 2.59955920361639
247 1.40870696579911
248 1.68087199501478
249 0.999343555275614
250 0.993092923209184
251 3.00238085244602
252 5.92766094519784
253 8.15018049287403
254 6.77533639367412
255 3.90569784280473
256 1.04460578633146
257 2.03285952161061
258 1.79078246906455
259 1.91218464518064
260 0.483852596998594
261 1.58341197969337
262 1.8036024438967
263 2.47321374049991
264 3.79995092401607
265 5.51940667512838
266 6.33080760751315
267 4.88289551854387
268 2.31018725973179
269 -0.51078685616387
270 1.38518977266817
271 2.06335037012473
272 1.18294891661999
273 -0.0941432568715064
274 0.850687037815334
275 3.58110288886583
276 5.44965170289778
277 7.47539866490393
278 6.14403712106897
279 5.43086413601958
280 3.47068843219459
281 2.89169072582619
282 2.20394108004783
283 1.14267210423165
284 0.165785160548834
285 0.723451726761949
286 4.68384454120496
287 6.22612788313912
288 4.67524111059004
289 5.38976950870536
290 5.77540024499539
291 7.25480696439059
292 5.00546748465145
293 1.44284119981583
294 -1.14811292321021
295 -2.02752539826262
296 0.730619993931163
297 2.48939522184308
298 3.66304718225065
299 3.48176972562927
300 5.94235541674766
301 7.95478132312085
302 10.1619489999448
303 9.09528272067918
304 6.51620820218148
305 3.58973136781115
306 2.59966874634224
307 3.60020499407604
308 2.84171149632521
309 4.96588743199424
310 3.51157096771328
311 4.66071354154418
312 4.61245320413799
313 5.09689492498481
314 7.04539651658044
315 6.42477722301713
316 6.19063580506203
317 4.31029090251364
318 4.82156858521813
319 3.23765337812402
320 1.49310251648711
321 -0.402798591050858
322 1.58241735178856
323 3.85058195901296
324 6.59893535651071
325 7.28385564131711
326 7.98529281019482
327 7.1266197993659
328 6.08978055970951
329 4.27418715773652
330 2.4198810817839
331 2.50283640901313
332 1.48088719886384
333 1.83559246207968
334 2.12636116839528
335 4.67822916784946
336 7.19333645852873
337 9.12757631934115
338 8.2619678753963
339 7.48154596169042
340 5.65515381286649
341 4.53870744683574
342 1.9161521335838
343 1.21361959733133
344 2.18858751221862
345 1.98343701761709
346 3.64807383029716
347 3.79324774244412
348 5.38551247507213
349 7.85763552534276
350 8.54644558372964
351 6.53403116537996
352 4.06181583785695
353 2.27501358886278
354 0.983263391507159
355 -1.23934817426591
356 -1.07949891911461
357 1.20349539129483
358 4.17374932873641
359 7.10924125173733
360 5.84087512196976
361 6.73866623671084
362 6.85894997819676
363 5.60568562794156
364 5.30831483249745
365 3.30143256897461
366 3.81467192268086
367 4.09314369442712
368 4.67150556109968
369 4.93806010501552
370 3.62280030151927
371 4.01243492416861
372 5.17452218294633
373 6.55650115888116
374 8.52438343380748
375 6.80255533709129
376 6.40252771198254
377 4.32599423042548
378 3.98950337388692
379 0.919769465971809
380 1.37698152719116
381 1.52994065550991
382 4.37751252646327
383 5.97481178640429
384 7.17717968355932
385 6.87421397590919
386 6.75511596213309
387 6.47629546892051
388 4.41781015203614
389 3.7662437879776
390 2.42894879359805
391 3.65220799842621
392 2.45660645269229
393 2.85284893926563
394 2.4512873460971
395 4.48307949268886
396 6.1770545638728
397 7.99342303987322
398 8.61803697224762
399 6.62839617183667
400 4.73509691449442
401 2.41726734496772
402 3.58794953560275
403 3.01979035137322
404 3.00032522065978
405 2.2523680063331
406 4.65154049247125
407 4.49769856203092
408 5.24600624838681
409 3.66134672466838
410 4.39482677481732
411 5.4847148500054
412 6.00224328647593
413 5.17723514196422
414 3.12011829725584
415 2.20798427279561
416 1.97862045246652
417 1.14813483666024
418 3.60762973349063
419 6.42189948690384
420 10.7504864220351
421 10.289480559476
422 8.80334846558655
423 6.7100818378561
424 6.3949425391633
425 6.34604785376071
426 4.16410205645743
427 4.76223701200463
428 3.19884559545877
429 4.31775948242893
430 4.40651428268855
431 6.14827005038778
432 6.93422888690879
433 7.57367705165231
434 7.02161921488463
435 6.41163706528148
436 6.58553573459719
437 5.53674340402225
438 1.9700268833192
439 1.24638258157785
440 1.26376676996329
441 3.05316848517489
442 5.53646402849067
443 6.61932811205191
444 8.00705850049096
445 8.50516815370891
446 7.32218638532338
447 6.80162360792534
448 5.52777648534022
449 4.19077921155442
450 2.55139804295596
451 0.934401215928891
452 1.59189289312343
453 3.98791386022126
454 6.5704765874163
455 8.30640729490754
456 9.23069036674825
457 8.45288807010728
458 8.56894892883833
459 6.66246494018976
460 6.6805251033011
461 4.12663696946393
462 2.84260377462527
463 2.76534184045381
464 1.3586170289327
465 0.663705121179385
466 2.10567454702637
467 3.39033219905692
468 7.37078821622105
469 10.2545948295363
470 9.03878927322573
471 7.15715419316326
472 5.18878235464608
473 3.39401493914972
474 4.50776285207156
475 4.50270286428376
476 4.89127244044331
477 6.24652699132204
478 5.41076745608588
479 6.62755067181655
480 7.63476762409226
481 8.38481355369927
482 9.24762831088781
483 7.46962281455084
484 5.15047471563609
485 5.28789184094404
486 5.05995778138861
487 4.61583249736061
488 2.20455535411581
489 3.8677230172733
490 4.90449967037509
491 9.17326250839545
492 9.48074060722996
493 9.04213246154369
494 7.67058696902474
495 5.50030633520569
496 3.97693180006822
497 4.15262042439749
498 4.32645822737046
499 3.72403314075619
500 3.3279824657705
501 3.93163898504334
502 5.48961671543707
503 6.79481432830124
504 6.52880552660497
505 6.89541921432468
506 6.911216951217
507 5.69236657089362
508 5.2213070482366
509 4.05099433335953
510 2.68813425915865
511 3.7129169753896
512 4.23197680066537
513 4.71562471466605
514 5.04706328877843
515 4.94039609240546
516 5.3341797616453
517 8.86393002272405
518 10.827634815936
519 11.0938473532448
520 8.67971765876007
521 6.62351697771149
522 5.40106071987774
523 3.4959378431328
524 3.06059198281539
525 3.55800103527081
526 7.27654930373515
527 8.29915227851349
528 8.7505939885345
529 7.33134163465863
530 7.34878589713268
531 9.11076000802957
532 9.89552219106647
533 7.58001708888577
534 4.77051513585509
535 2.49792566872629
536 1.74262229878101
537 1.62728897373536
538 2.59922372363667
539 5.86243084279328
540 8.24565001410474
541 10.3355225087759
542 10.0653537563509
543 7.80660242999031
544 5.67567431374229
545 3.0513528443688
546 3.18492951473618
547 3.86204912808553
548 4.495941509523
549 6.0806403161803
550 7.5767825270681
551 7.191532600939
552 8.60752505757888
553 8.56901046679545
554 9.86721037240202
555 9.32913208638543
556 6.23011234175561
557 5.51795831241805
558 4.3532560415998
559 3.94669871807861
560 4.30800816073286
561 6.31537014332546
562 6.84031456334337
563 8.33713824845944
564 7.54689384371446
565 7.84101550677013
566 8.0526837810675
567 6.98668781139026
568 7.79701328085568
569 9.27987802073523
570 8.83507106327932
571 6.72746405752244
572 4.28757178940933
573 4.12854148687419
574 6.58361344445693
575 7.79356967576452
576 9.97285599024202
577 9.09901618486145
578 7.60849459457494
579 6.45044736073999
580 6.7565988822143
581 8.42748458532992
582 6.71131201510218
583 4.63224101424765
584 3.0310888570328
585 2.4737177527471
586 3.70781601913495
587 5.51639156409398
588 8.92467961942912
589 11.0668376554979
590 12.4787126836656
591 10.6880845584025
592 8.32615589539126
593 6.82928378434242
594 7.28004987574208
595 6.20150026500654
596 3.21156415846723
597 3.15139724354862
598 3.6042504448382
599 6.54153395452659
600 8.94076008049807
601 9.49895054337705
602 11.2192510368504
603 9.41894688152689
604 8.42654021160073
605 5.5033596031387
606 3.57707354849442
607 2.90641618850986
608 5.20261110759325
609 7.32481435937535
610 8.31771465694408
611 5.72320751603854
612 5.98503650852012
613 7.36230389253877
614 9.09639111329986
615 10.2655993710362
616 9.73715255291457
617 6.6947487504765
618 4.90302108861723
619 5.26322885548806
620 5.3053311551333
621 5.84337877744538
622 6.86438786822952
623 8.14847718762381
624 9.09109635230011
625 10.3439655297049
626 8.44108724283205
627 10.0599800796182
628 8.09953528244112
629 7.85722244121353
630 5.63834381995791
631 4.08946317317513
632 4.20041060927902
633 5.57069492047528
634 6.39316632164929
635 7.99994717543668
636 9.2295759138191
637 10.1139231283084
638 11.1676741914525
639 12.4376975956206
640 9.76583823462178
641 5.24790919847007
642 3.88268189747908
643 4.60940597051032
644 5.76260582503396
645 5.86808989518447
646 6.47707892775658
647 8.70019724771036
648 9.81057821227351
649 10.461595298206
650 8.6171053650217
651 7.17299069453494
652 6.98671065535851
653 6.48895188452907
654 5.35122335887102
655 5.11428005950574
656 3.78964205842019
657 4.62961465822544
658 6.14744108634722
659 9.31252643206579
660 7.30403392423608
661 9.82887051544864
662 8.10545529916204
663 7.28745029432751
664 6.66238484271911
665 5.65479789863071
666 4.53488199403752
667 5.84040871217496
668 6.99909664457035
669 7.66711493018479
670 7.25232314411582
671 8.53347625128956
672 8.32573027846361
673 11.3321421943736
674 10.4171989373803
675 9.9083654672201
676 7.63959743378531
677 5.912117221126
678 4.03240105670233
679 5.14014977482135
680 7.21827116267536
681 7.36420692239075
682 9.19864090598037
683 9.26114770198164
684 8.93337963807271
685 10.2510010885106
686 10.1352663248162
687 10.6670448786322
688 8.99143799888052
689 6.6995284260919
690 6.04448409163809
691 7.21858296024391
692 6.12575130430086
693 6.41858857242435
694 5.87718550078105
695 7.41871056322368
696 8.46916110769289
697 10.5591982057062
698 11.0659042977785
699 10.423760795635
700 9.65098318843159
701 9.26548048867919
702 6.54006011659875
703 5.29194478102472
704 4.70763970081557
705 4.50153719880053
706 5.84147640319148
707 8.3147683391339
708 10.8727153104895
709 11.9993237241765
710 12.3107992601865
711 11.7584065294842
712 9.51774822985146
713 8.76792194756263
714 6.0422968612223
715 5.14369833395451
716 4.13963595391978
717 4.31167814970058
718 5.97585384521407
719 6.17001272396531
720 9.33293863270318
721 10.3333642532708
722 11.3596930790666
723 10.877844373288
724 8.65971328505357
725 8.37266292902417
726 5.37821609545029
727 4.93557984743624
728 4.50706704842145
729 4.7591010968911
730 7.5573085925869
731 9.72702733175568
732 10.534579335234
733 12.3787049023811
734 10.7626114936945
735 10.3649275984099
736 11.2289415299823
737 7.37573571982946
738 4.90871635796877
739 3.08377724455388
740 5.75639936853586
741 7.8449568960392
742 8.25795568591127
743 8.21629285841358
744 11.0061477431704
745 11.3461405474526
746 12.212488881305
747 9.02886438587629
748 8.05515717786786
749 6.85291754977874
750 6.69940607792321
751 6.22667826060211
752 5.04284712536999
753 7.34229111761001
754 8.92531005955496
755 11.5484370216123
756 11.7567488785082
757 12.4734414645979
758 11.0350949746192
759 11.0865254524633
760 8.80440532634619
761 7.87293993148629
762 7.21507337520442
763 6.14600631527767
764 7.20246201149247
765 6.45056551175199
766 7.25594774034415
767 8.73431648679424
768 10.9021969405523
769 12.1640191811468
770 12.7446682580422
771 10.8663781871889
772 9.44347958451616
773 8.0449507351312
774 5.8228179063825
775 4.90279051272183
776 5.19718719111039
777 6.10410668555582
778 6.35151084305704
779 8.36854024368098
780 9.99446044202794
781 12.6170607282827
782 12.0326873481376
783 11.2861061102328
784 8.5414563325867
785 7.73911505858377
786 7.15510060415537
787 6.41909279538833
788 4.97076437243084
789 4.42264593570205
790 4.62632177331073
791 8.01377956352955
792 9.85468996520043
793 10.8095357007994
794 10.8618279888261
795 8.3597487584165
796 8.07787082825017
797 8.32100619836938
798 8.04121303950163
799 8.39839469069979
800 7.21914701652703
801 7.16473840120177
802 7.75378315942528
803 7.43957142696502
804 10.2788402395746
805 11.8593061330009
806 12.792562825334
807 12.1895313756933
808 10.0747096910574
809 7.83787313341807
810 7.95923788506718
811 8.12434251797144
812 8.0813584425586
813 8.92360134847316
814 9.92391679641135
815 13.5016729829754
816 13.986892381361
817 13.5675043216092
818 12.9035544616373
819 11.3945502371182
820 10.6409927042833
821 8.22243905991277
822 6.80236132208816
823 6.60967486123562
824 6.39348784021963
825 9.30950933335486
826 8.96584486191428
827 10.4297768878926
828 11.578944897794
829 11.2438876108295
830 10.0336588690468
831 11.5087562166931
832 10.4095687686656
833 10.3072532691584
834 7.79296317733827
835 7.61633558971504
836 7.46937792351884
837 7.89927158875952
838 7.02745356416545
839 9.39936695553388
840 10.9787929897925
841 13.8789763763744
842 13.6908708818424
843 11.5557315321606
844 9.68983719861437
845 7.52572290294859
846 6.22465117387376
847 5.36820876295457
848 8.21492573366879
849 10.5891870920663
850 10.9960765146089
851 10.54758696443
852 10.3180747464101
853 10.6649614130313
854 14.0740943723757
855 12.3339584559791
856 12.2765560931004
857 8.45104934507661
858 8.27310448486076
859 5.66190475534868
860 6.04797914684521
861 7.06877810379465
862 9.10675578456734
863 9.57811727740513
864 9.65143229378605
865 11.2090465574595
866 10.4014345635864
867 10.3605046033064
868 7.68517198938679
869 6.25663590153199
870 5.61566249695994
871 5.37819650827532
872 5.93758734538806
873 8.22585349690388
874 12.593129032993
875 14.4544250159182
876 15.6437782940283
877 11.48352535756
878 11.3137800652435
879 11.4470949195824
880 9.47967972515095
881 10.4297834832414
882 7.73781256530984
883 9.59020261622761
884 8.64171544825584
885 9.1907895033524
886 9.71091149211815
887 10.6869462366374
888 11.1765724523026
889 10.278896118357
890 13.7506635240422
891 14.1903254105617
892 12.5556374698412
893 10.2531799719702
894 6.76811123286654
895 5.91950655822732
896 6.09161262962218
897 7.30769150368299
898 9.55232329035454
899 11.6407660426208
900 13.0414821837713
901 12.7687928803546
902 13.3332867229671
903 11.8737898639456
904 11.1204387525931
905 10.03195819664
906 8.24521659009951
907 7.78411219070205
908 7.68074956499626
909 8.94441267679273
910 10.351034550195
911 14.2490572944652
912 12.6970319193249
913 13.1790890349307
914 11.4743221969899
915 12.5290724412634
916 11.221433211972
917 10.7970074681348
918 7.65151603685833
919 9.40198641502975
920 9.59075404413067
921 10.9070352411191
922 9.4900041779639
923 8.28831443013856
924 8.16176879938413
925 11.7984733805915
926 13.3991773925456
927 12.995063659877
928 11.2241044306893
929 8.96837508113867
930 7.6333262252526
931 7.26462273925612
932 8.70233059595114
933 9.25741137206727
934 9.7878834964991
935 10.6010643487362
936 11.1797722547687
937 13.8333137309402
938 13.7156057244375
939 11.6714024916799
940 8.43629483549941
941 6.52241506638927
942 7.60996095256938
943 9.72234743549411
944 10.764320265558
945 9.21975571131687
946 11.293399070352
947 12.0953997793923
948 13.3645658501594
949 14.2438300213806
950 14.0225689935364
951 13.810756099579
952 12.789511500075
953 11.5542116440519
954 9.35160323552563
955 7.86837689730976
956 7.19152616034813
957 6.89724558345817
958 9.55356443406626
959 10.1276091081067
960 10.705843724616
961 11.8991091334633
962 13.0064834277152
963 12.5451439570774
964 11.9767315437979
965 9.69207167808133
966 8.75670221803139
967 7.17301313417693
968 7.79369425811809
969 7.35662056465078
970 9.02553613529807
971 11.6057479564841
972 12.3334023032203
973 13.5600071639971
974 13.6501164315197
975 12.5109176144456
976 11.363677275544
977 8.16857794199067
978 9.06246013777563
979 7.80789546045078
980 8.86753813396114
981 9.47914438061113
982 8.2930857783397
983 9.06957107169798
984 10.8952517019779
985 14.3780609393093
986 16.2352432772605
987 15.0387379315228
988 10.7797436055065
989 9.70179312078709
990 7.71587344645026
991 8.45713762847281
992 7.69124695090088
993 7.69877276315595
994 9.64146429180492
995 11.9694587606013
996 12.2249438711932
997 14.4914698673852
998 14.5761673975076
999 12.6353490633651
1000 12.1052365068544
