1001 9.994437823025116
1002 9.507253516870211
1003 8.91151370125701
1004 8.568979849550347
1005 9.04480914579982
1006 10.225122667872757
1007 11.786089493398965
1008 13.001519063337218
1009 13.915283734688252
1010 14.039206627845662
1011 13.31709101173152
1012 11.891483403450552
1013 10.437658497949673
1014 9.266272349462652
1015 8.719691200157206
1016 8.708092740826777
1017 9.319806012489892
1018 10.416274165657253
1019 11.87616158529417
1020 13.081026327806274
1021 14.035176889788657
1022 14.183131384440749
1023 13.454344804615669
1024 12.014759917082738
1025 10.557267132916525
1026 9.390417468985397
1027 8.847656273250138
1028 8.8358488968144
1029 9.445752105444788
1030 10.541456383324515
1031 12.001798830734543
1032 13.20723030006699
1033 14.161453161931696
1034 14.309193752565703
1035 13.580278836220339
1036 12.140735070328684
1037 10.683325845182583
1038 9.516503847211814
1039 8.973724567474433
1040 8.96190238609615
1041 9.571812914255563
1042 10.667533599331833
1043 12.127886849955189
1044 13.333322364041582
1045 14.287548563197085
1046 14.435295190830251
1047 13.706387918397452
1048 12.26685135059732
1049 10.809448388946722
1050 9.642632409013268
1051 9.099859450451211
1052 9.08804384557086
1053 9.69796093620078
1054 10.793688062635903
1055 12.254047703430375
1056 13.459489637998653
1057 14.413722295427139
1058 14.561475386071601
1059 13.832574562249553
1060 12.393044434377043
1061 10.93564791530064
1062 9.768838383426813
1063 9.226071874673634
1064 9.214262718292293
1065 9.824186256330075
1066 10.919919830561035
1067 12.380285920147086
1068 13.585734304128131
1069 14.539973411138684
1070 14.687732951487142
1071 13.95883857767149
1072 12.519314900215223
1073 11.061924831935121
1074 9.895121751175159
1075 9.35236169383699
1076 9.340558989192056
1077 9.950488979304712
1078 11.046229005948073
1079 12.506601548275949
1080 13.712056385324814
1081 14.666301945731206
1082 14.814067939806039
1083 14.085180020047611
1084 12.645662796978453
1085 11.188279183414755
1086 10.021482557700665
1087 9.478728955738198
1088 9.466932706798907
1089 10.076869152947054
1090 11.172615635955678
1091 12.632994634978608
1092 13.838455929052381
1093 14.792707946813568
1094 14.940480398573092
1095 14.211598936829255
1096 12.772088172104597
1097 11.31471101721534
1098 10.147920850505642
1099 9.60517370787754
1100 9.593383918602603
