1001 9.97532433757054
1002 9.47872061286938
1003 8.85519931104158
1004 8.50633518933596
1005 8.99326291839553
1006 10.18521395540931
1007 11.75314460484942
1008 12.96415089209211
1009 13.87246943086117
1010 13.97975593064999
1011 13.25676754558949
1012 11.84187751734621
1013 10.39364571055444
1014 9.22081578795269
1015 8.67000040744261
1016 8.65394396526272
1017 9.26361694117515
1018 10.36555451772635
1019 11.83732505475445
1020 13.04337449706018
1021 13.99189998866374
1022 14.12009042013975
1023 13.38905466609218
1024 11.96117741511976
1025 10.51045918404318
1026 9.34221392569802
1027 8.79463154822344
1028 8.77805280365202
1029 9.38605333752355
1030 10.48744347268074
1031 11.95969864155107
1032 13.16621566529679
1033 14.11474450738572
1034 14.24272977315231
1035 13.51159705308222
1036 12.08376538079416
1037 10.63311123235887
1038 9.46487564721621
1039 8.91726943974484
1040 8.90067532794982
1041 9.50867924548321
1042 10.61007774949533
1043 12.08233531728563
1044 13.28884975749463
1045 14.23737633659815
1046 14.36536169138654
1047 13.63423001324852
1048 12.20639878652079
1049 10.75574438479617
1050 9.58750848478277
1051 9.03990224275278
1052 9.02330825408335
1053 9.63131224419864
1054 10.73271072755486
1055 12.20496825364224
1056 13.41148268357489
1057 14.36000927633327
1058 14.48799464202000
1059 13.75686296291709
1060 12.32903173092195
1061 10.87837732717247
1062 9.71014142854549
1063 9.16253518805597
1064 9.14594119949052
1065 9.75394518897313
1066 10.85534367198894
1067 12.32760119819760
1068 13.53411562833720
1069 14.48264222113827
1070 14.61062758675338
1071 13.87949590759825
1072 12.45166467561049
1073 11.00101027188752
1074 9.83277437326962
1075 9.28516813277261
1076 9.26857414419965
1077 9.87657813368208
1078 10.97797661670112
1079 12.45023414291138
1080 13.65674857305028
1081 14.60527516585033
1082 14.73326053146527
1083 14.00212885231051
1084 12.57429762032300
1085 11.12364321659998
1086 9.95540731798194
1087 9.40780107748489
1088 9.39120708891197
1089 9.99921107839445
1090 11.10060956141348
1091 12.57286708762372
1092 13.77938151776262
1093 14.72790811056267
1094 14.85589347617761
1095 14.12476179702286
1096 12.69693056503534
1097 11.24627616131232
1098 10.07804026269429
1099 9.53043402219724
1100 9.51384003362432
